1:done: 88.8280251929621 67.24386724386724 0.0 693done: 94.6748881355261 83.41625207296849 0.0 603done: 69.37092776878883 9.96168582375479 0.0 261done: 92.61403014935783 52.205882352941174 0.0 136
2001:done: 89.58875106333693 67.96536796536796 0.0 693done: 95.17973276899237 84.74295190713102 0.0 603done: 94.1013646162946 49.04214559386973 0.0 261done: 94.17802890042687 58.088235294117645 0.0 136
4001:done: 90.2167551726906 69.55266955266956 0.0 693done: 95.15669380316733 83.58208955223881 0.0 603done: 95.35075749906068 54.02298850574713 0.0 261done: 94.19915051180664 60.294117647058826 0.0 136
6001:done: 90.58388517894947 69.98556998556998 0.0 693done: 95.83801542976259 85.90381426202322 0.0 603done: 95.33896885982473 55.172413793103445 0.0 261done: 93.92938454063955 57.35294117647059 0.0 136
8001:done: 90.47120682929801 69.40836940836941 0.0 693done: 95.70739563496367 85.57213930348259 0.0 603done: 96.35408349140148 61.30268199233716 0.0 261done: 94.1478647349298 58.088235294117645 0.0 136
10001:done: 90.97486775845202 69.98556998556998 0.0 693done: 95.92396136147968 85.90381426202322 0.0 603done: 96.19484519117233 60.91954022988506 0.0 261done: 93.89450588845644 57.35294117647059 0.0 136
12001:done: 90.79450205139375 69.40836940836941 0.0 693done: 95.50309974658822 84.90878938640132 0.0 603done: 96.50910824633078 62.06896551724138 0.0 261done: 94.61586702765734 57.35294117647059 0.0 136
14001:done: 90.9959302119128 69.84126984126983 0.0 693done: 95.49140193638294 85.40630182421228 0.0 603done: 96.67816303328307 63.984674329501914 0.0 261done: 94.09170432444589 59.55882352941177 0.0 136
16001:done: 90.98984633835019 69.98556998556998 0.0 693done: 95.6355279628619 84.90878938640132 0.0 603done: 97.04371243630975 65.13409961685824 0.0 261done: 94.24301661567749 61.029411764705884 0.0 136
18001:done: 90.82223456054996 69.40836940836941 0.0 693done: 95.22987824129179 84.41127694859038 0.0 603done: 96.93370879846753 65.51724137931035 0.0 261done: 94.83558611764234 63.970588235294116 0.0 136
20001:done: 91.23057844365573 70.27417027417027 0.0 693done: 95.80978295054973 85.7379767827529 0.0 603done: 96.90147911946109 65.13409961685824 0.0 261done: 95.27932534382283 62.5 0.0 136
22001:done: 91.04789510429723 70.27417027417027 0.0 693done: 95.22605536433456 83.74792703150912 0.0 603done: 96.8304677221378 65.90038314176245 0.0 261done: 95.22580568766217 62.5 0.0 136
24001:done: 91.09702974588437 69.6969696969697 0.0 693done: 95.6172272107303 85.07462686567165 0.0 603done: 97.11012743164648 66.28352490421456 0.0 261done: 94.6356814624168 61.76470588235294 0.0 136
26001:done: 91.04413923123195 69.84126984126983 0.0 693done: 95.75661380534078 84.90878938640132 0.0 603done: 97.07081519485727 66.66666666666667 0.0 261done: 95.16402582022288 60.294117647058826 0.0 136
28001:done: 91.11239830689068 69.84126984126983 0.0 693done: 96.14277470218354 86.56716417910448 0.0 603done: 97.07717881992947 65.90038314176245 0.0 261done: 95.13343347090526 59.55882352941177 0.0 136
30001:done: 91.05923227429957 69.26406926406926 0.0 693done: 95.44678313481359 84.74295190713102 0.0 603done: 97.13783022749769 65.51724137931035 0.0 261done: 95.06959328721855 60.294117647058826 0.0 136
32001:done: 91.17657497806616 69.6969696969697 0.0 693done: 94.96046827038927 82.91873963515755 0.0 603done: 97.25001046924126 65.13409961685824 0.0 261done: 95.07881824233694 61.029411764705884 0.0 136
34001:done: 91.01932268518995 69.40836940836941 0.0 693done: 95.93121578342534 85.90381426202322 0.0 603done: 97.25926281309012 65.13409961685824 0.0 261done: 94.75905455355705 59.55882352941177 0.0 136
36001:done: 90.9370043958577 69.11976911976912 0.0 693done: 95.72494978113941 85.24046434494196 0.0 603done: 97.18996729459106 67.816091954023 0.0 261done: 94.64934468489763 60.294117647058826 0.0 136
38001:done: 91.15730921753027 69.55266955266956 0.0 693done: 95.76128805130855 85.57213930348259 0.0 603done: 97.45329836931187 69.34865900383141 0.0 261done: 94.81513484762056 61.76470588235294 0.0 136
40001:done: 91.23501368031481 70.41847041847042 0.0 693done: 96.02090267659482 85.90381426202322 0.0 603done: 97.40668973455996 68.5823754789272 0.0 261done: 94.65416426049727 59.55882352941177 0.0 136
42001:done: 91.04598353243888 70.12987012987013 0.0 693done: 95.48792358640179 84.41127694859038 0.0 603done: 97.37265783026308 68.96551724137932 0.0 261done: 95.0904502759477 58.088235294117645 0.0 136
44001:done: 90.98921690734892 69.40836940836941 0.0 693done: 95.89066162595576 85.24046434494196 0.0 603done: 97.15038090097208 68.5823754789272 0.0 261done: 95.36205893070608 60.294117647058826 0.0 136
46001:done: 91.31284583545884 70.27417027417027 0.0 693done: 95.58943454685334 84.57711442786069 0.0 603done: 97.26629979639047 68.96551724137932 0.0 261done: 95.22050502438736 61.029411764705884 0.0 136
48001:done: 91.12933900836921 69.40836940836941 0.0 693done: 95.82196765178915 85.57213930348259 0.0 603done: 97.46056360356661 70.11494252873563 0.0 261done: 95.46477853743006 61.029411764705884 0.0 136
50001:done: 91.39826062518054 70.41847041847042 0.0 693done: 95.4207887680232 84.24543946932006 0.0 603done: 97.38069349642184 70.49808429118774 0.0 261done: 95.43225349536377 59.55882352941177 0.0 136
52001:done: 91.32888123791437 70.41847041847042 0.0 693done: 95.7730719188138 85.07462686567165 0.0 603done: 97.51052299683461 70.88122605363985 0.0 261done: 95.37599761605628 61.029411764705884 0.0 136
54001:done: 90.9344931547315 69.55266955266956 0.0 693done: 95.4886218714138 84.41127694859038 0.0 603done: 97.39963718096324 69.73180076628353 0.0 261done: 95.39054432466646 58.8235294117647 0.0 136
56001:done: 90.8743536328906 69.11976911976912 0.0 693done: 95.89363911649544 85.57213930348259 0.0 603done: 97.30493578684508 69.73180076628353 0.0 261done: 95.43281242709452 59.55882352941177 0.0 136
58001:done: 91.32190308537216 70.41847041847042 0.0 693done: 95.97534171136746 86.06965174129353 0.0 603done: 97.35150681290884 70.49808429118774 0.0 261done: 94.9324243866783 59.55882352941177 0.0 136
60001:done: 91.41512798983163 70.27417027417027 0.0 693done: 95.62972132843367 84.74295190713102 0.0 603done: 97.34787232910547 69.34865900383141 0.0 261done: 95.39187540187191 57.35294117647059 0.0 136
62001:done: 91.28429402125813 69.84126984126983 0.0 693done: 96.23410680844104 86.40132669983416 0.0 603done: 97.38338101201363 70.49808429118774 0.0 261done: 95.6042497337564 58.8235294117647 0.0 136
64001:done: 91.62985139352456 70.27417027417027 0.0 693done: 95.67711296713347 85.40630182421228 0.0 603done: 97.50288523749467 69.73180076628353 0.0 261done: 95.47968645808984 59.55882352941177 0.0 136
66001:done: 91.0662596764514 69.98556998556998 0.0 693done: 95.31733776904983 84.24543946932006 0.0 603done: 97.44642951849447 68.96551724137932 0.0 261done: 95.31676755842734 58.8235294117647 0.0 136
68001:done: 91.56818896302086 70.12987012987013 0.0 693done: 95.56050624604913 84.74295190713102 0.0 603done: 97.49363544681881 69.73180076628353 0.0 261done: 95.32907428878534 57.35294117647059 0.0 136
70001:done: 91.49705857003549 69.84126984126983 0.0 693done: 95.62347902046469 84.57711442786069 0.0 603done: 97.50097429543037 69.73180076628353 0.0 261done: 95.48532432901023 60.294117647058826 0.0 136
72001:done: 91.3790264080526 69.6969696969697 0.0 693done: 95.61361188373189 84.41127694859038 0.0 603done: 97.3996167433868 69.34865900383141 0.0 261done: 95.37286933948586 60.294117647058826 0.0 136
74001:done: 91.14039206264239 69.55266955266956 0.0 693done: 95.61662957404837 84.74295190713102 0.0 603done: 97.4362975728956 70.49808429118774 0.0 261done: 95.69055572799499 60.294117647058826 0.0 136
76001:done: 91.4618428647463 69.40836940836941 0.0 693done: 95.48896639838989 84.24543946932006 0.0 603done: 97.51606662450078 70.11494252873563 0.0 261done: 95.46643230970177 58.088235294117645 0.0 136
78001:done: 90.97320226202011 69.11976911976912 0.0 693done: 96.17553123991524 86.56716417910448 0.0 603done: 97.45827326159561 69.73180076628353 0.0 261done: 95.38071793747531 58.8235294117647 0.0 136
80001:done: 91.19277153602434 69.26406926406926 0.0 693done: 95.80950423209715 85.7379767827529 0.0 603done: 97.40013425166815 70.49808429118774 0.0 261done: 95.83067128728021 59.55882352941177 0.0 136
82001:done: 91.12877516311957 69.26406926406926 0.0 693done: 95.5272496339222 84.74295190713102 0.0 603done: 97.32901438001433 69.73180076628353 0.0 261done: 95.42710342923722 60.294117647058826 0.0 136
84001:done: 91.19352128649231 70.12987012987013 0.0 693done: 95.80687005035851 85.40630182421228 0.0 603done: 97.47996414025661 69.73180076628353 0.0 261done: 95.35141417847501 61.76470588235294 0.0 136
86001:done: 91.03629928791162 69.26406926406926 0.0 693done: 95.69848525291897 84.90878938640132 0.0 603done: 97.47261099045888 68.96551724137932 0.0 261done: 95.41442202412301 60.294117647058826 0.0 136
88001:done: 91.29389762947861 69.6969696969697 0.0 693done: 95.15654670176181 83.41625207296849 0.0 603done: 97.50175827482514 69.34865900383141 0.0 261done: 95.5875330171553 59.55882352941177 0.0 136
90001:done: 91.28264822135183 69.40836940836941 0.0 693done: 95.51594253306286 84.41127694859038 0.0 603done: 97.58980884593034 70.11494252873563 0.0 261done: 95.32303839654683 61.029411764705884 0.0 136
92001:done: 91.15146591600178 69.40836940836941 0.0 693done: 96.30287073292637 86.56716417910448 0.0 603done: 97.42096189786811 70.88122605363985 0.0 261done: 95.45138403720179 58.8235294117647 0.0 136
94001:done: 91.19338759577934 69.26406926406926 0.0 693done: 95.68532354821501 84.74295190713102 0.0 603done: 97.49345736122959 70.11494252873563 0.0 261done: 95.66783467556323 61.029411764705884 0.0 136
96001:done: 90.96695641339608 68.83116883116882 0.0 693done: 95.77796998414502 85.24046434494196 0.0 603done: 97.5372252722134 70.88122605363985 0.0 261done: 95.46135480326436 60.294117647058826 0.0 136
98001:done: 90.82476215187356 69.40836940836941 0.0 693done: 96.00021733325802 85.90381426202322 0.0 603done: 97.55374813383018 70.49808429118774 0.0 261done: 95.41057677610684 61.029411764705884 0.0 136
100001:done: 91.30570501976428 69.40836940836941 0.0 693done: 95.39043371352417 83.74792703150912 0.0 603done: 97.51031590700157 70.11494252873563 0.0 261done: 95.64277520026265 62.5 0.0 136
102001:done: 90.88730421056104 69.6969696969697 0.0 693done: 95.27007590659916 83.58208955223881 0.0 603done: 97.48743032299781 69.73180076628353 0.0 261done: 95.5240175445866 61.029411764705884 0.0 136
104001:done: 90.80266665950477 69.55266955266956 0.0 693done: 95.5550173116752 85.40630182421228 0.0 603done: 97.55397853847532 70.11494252873563 0.0 261done: 95.73931158329648 61.76470588235294 0.0 136
106001:done: 91.04406979820759 69.40836940836941 0.0 693done: 95.73974183719575 85.24046434494196 0.0 603done: 97.55229168288115 70.88122605363985 0.0 261done: 95.6401368285784 61.029411764705884 0.0 136
108001:done: 90.88441903939754 69.11976911976912 0.0 693done: 95.91545059499407 85.7379767827529 0.0 603done: 97.46383864799786 70.88122605363985 0.0 261done: 95.7673445488935 61.76470588235294 0.0 136
110001:done: 91.2150003809838 69.26406926406926 0.0 693done: 95.82660908824214 85.40630182421228 0.0 603done: 97.49040267483178 70.49808429118774 0.0 261done: 95.76685126272238 62.5 0.0 136
112001:done: 90.98005815411727 69.40836940836941 0.0 693done: 96.24470612252296 86.40132669983416 0.0 603done: 97.59748647546435 71.26436781609195 0.0 261done: 95.75834255877636 61.76470588235294 0.0 136
114001:done: 91.06179261270806 69.55266955266956 0.0 693done: 95.58396707943098 84.74295190713102 0.0 603done: 97.46690697132512 69.34865900383141 0.0 261done: 95.92833564630736 61.76470588235294 0.0 136
116001:done: 91.01767541630791 69.40836940836941 0.0 693done: 95.33377257477349 83.58208955223881 0.0 603done: 97.36056231939133 69.34865900383141 0.0 261done: 95.74160685933656 62.5 0.0 136
118001:done: 90.78897578192436 69.98556998556998 0.0 693done: 95.41024207910367 83.74792703150912 0.0 603done: 97.45304840721727 69.34865900383141 0.0 261done: 95.6606958016109 63.970588235294116 0.0 136
120001:done: 91.15484737887013 69.84126984126983 0.0 693done: 95.66289296608294 84.90878938640132 0.0 603done: 97.4340194926701 70.49808429118774 0.0 261done: 95.83645868594166 61.029411764705884 0.0 136
122001:done: 91.21127936231252 69.40836940836941 0.0 693done: 95.86368013131259 85.40630182421228 0.0 603done: 97.48496855117003 69.73180076628353 0.0 261done: 95.74147501104125 60.294117647058826 0.0 136
124001:done: 90.83696990384 70.27417027417027 0.0 693done: 95.58978505642249 84.41127694859038 0.0 603done: 97.58441525983832 70.88122605363985 0.0 261done: 95.61285428855078 61.76470588235294 0.0 136
126001:done: 91.50400288677038 70.41847041847042 0.0 693done: 95.76417826637321 85.7379767827529 0.0 603done: 97.48844846557213 69.34865900383141 0.0 261done: 95.95287038971232 62.5 0.0 136
128001:done: 91.68857223351073 70.56277056277057 0.0 693done: 96.16592917807436 86.40132669983416 0.0 603done: 97.52354154535128 70.49808429118774 0.0 261done: 95.547915805432 61.029411764705884 0.0 136
130001:done: 91.44107049446235 69.55266955266956 0.0 693done: 96.1315771287969 86.23548922056385 0.0 603done: 97.45792594164458 70.11494252873563 0.0 261done: 95.56123507586402 61.029411764705884 0.0 136
132001:done: 91.15111001899986 69.6969696969697 0.0 693done: 96.00870663279211 85.7379767827529 0.0 603done: 97.46774368691254 70.11494252873563 0.0 261done: 95.57541726662268 59.55882352941177 0.0 136
134001:done: 91.03616968527173 69.40836940836941 0.0 693done: 94.9947390267847 83.25041459369818 0.0 603done: 97.5047122345737 70.88122605363985 0.0 261done: 95.44423438321408 59.55882352941177 0.0 136
136001:done: 91.41708259529182 69.84126984126983 0.0 693done: 95.76161173395592 85.24046434494196 0.0 6030.0 261done: 95.44680542050915 61.76470588235294 0.0 136
138001:done: 91.09500398321073 69.6969696969697 0.0 693done: 95.53140753609001 84.74295190713102 0.0 603done: 97.51094395698253 69.73180076628353 0.0 261done: 95.42569944262183 61.76470588235294 0.0 136
140001:done: 91.40633595367434 68.83116883116882 0.0 693done: 96.13438542835674 86.73300165837479 0.0 603done: 97.49739160118317 70.11494252873563 0.0 261done: 95.78295984887383 61.029411764705884 0.0 136
142001:done: 90.9913034936706 69.55266955266956 0.0 693done: 95.96258498219284 85.7379767827529 0.0 603done: 97.47170359467833 70.88122605363985 0.0 261done: 95.48573800982392 60.294117647058826 0.0 136
144001:done: 91.17689826719449 69.84126984126983 0.0 693done: 95.82983370589461 85.07462686567165 0.0 603 0.0 261done: 95.52485723178798 59.55882352941177 0.0 136
146001:done: 91.31974341041912 69.26406926406926 0.0 693done: 95.69453674150778 84.57711442786069 0.0 603done: 97.50514154655434 70.49808429118774 0.0 261done: 95.78815003464281 62.5 0.0 136
148001:done: 91.45101939883251 69.55266955266956 0.0 693done: 95.4689954470464 84.07960199004975 0.0 603done: 97.57385899847371 70.49808429118774 0.0 261done: 95.85525161578374 61.76470588235294 0.0 136
150001:done: 91.51173275543853 69.84126984126983 0.0 693done: 95.29771134468238 83.74792703150912 0.0 603done: 97.56683511434383 71.26436781609195 0.0 261done: 95.31433664776985 63.23529411764706 0.0 136
152001:done: 91.19133166835911 69.84126984126983 0.0 693done: 95.42899934910471 84.57711442786069 0.0 603done: 97.55372189138974 72.03065134099617 0.0 261done: 95.54554224421047 62.5 0.0 136
