1:done: 94.69216315429058 84.64824643092864 0.0013562019113405603 221206
2001:done: 96.67759472328224 86.65316492319377 0.0013562019113405603 221206
4001:done: 97.30899654744664 88.17934414075567 0.0013562019113405603 221206
6001:done: 97.4233448297377 88.69876947279911 0.0013562019113405603 221206
8001:done: 97.61956854615637 90.25704546892942 0.0013562019113405603 221206
10001:done: 97.61229966626648 89.89403542399393 0.0013562019113405603 221206
12001:done: 97.79712053733422 90.27964883411842 0.0013562019113405603 221206
14001:done: 97.7870269724815 90.25116859398027 0.0013562019113405603 221206
16001:done: 97.9018613986062 90.36644575644422 0.0013562019113405603 221206
18001:done: 97.92117079250471 90.66435810963536 0.0013562019113405603 221206
20001:done: 97.86105118246022 90.45459888068136 0.0013562019113405603 221206
22001:done: 97.89490445455364 90.30360840121877 0.0013562019113405603 221206
24001:done: 97.87484183328289 89.89403542399393 0.0013562019113405603 221206
26001:done: 97.8726603574918 89.99213402891422 0.0013562019113405603 221206
28001:done: 97.99960897560678 90.74075748397422 0.0013562019113405603 221206
30001:done: 97.95176842701215 90.41210455412602 0.0013562019113405603 221206
32001:done: 98.03969115525481 90.64039854253501 0.0013562019113405603 221206
34001:done: 98.03756776911369 90.81715685831307 0.0013562019113405603 221206
36001:done: 97.98797496713587 90.68334493639414 0.0013562019113405603 221206
38001:done: 98.01590073552251 90.53054618771642 0.0013562019113405603 221206
40001:done: 97.95496741061486 90.45188647685868 0.0013562019113405603 221206
42001:done: 97.95720255445184 90.53280652423533 0.0013562019113405603 221206
44001:done: 98.02836040684606 91.11778161532689 0.0013562019113405603 221206
92001:done: 97.98876505106269 90.79862209885808 0.0013562019113405603 221206
94001:done: 98.0334051570874 91.14897425928773 0.0013562019113405603 221206
96001:done: 98.0519684321786 91.27962171008019 0.0013562019113405603 221206
98001:done: 98.03872635658617 91.38676166107611 0.0013562019113405603 221206
100001:done: 98.07246167459228 91.6218366590418 0.0013562019113405603 221206
102001:done: 98.0551214428669 91.46768170845276 0.0013562019113405603 221206
104001:done: 98.09646630317629 91.13993291321212 0.0013562019113405603 221206
106001:done: 98.06475381586131 90.84925363688146 0.0013562019113405603 221206
108001:done: 98.01707353688367 90.28416950715622 0.0013562019113405603 221206
110001:done: 98.0737087709618 90.74527815701201 0.0013562019113405603 221206
112001:done: 98.05452336895213 90.78732041626357 0.0013562019113405603 221206
114001:done: 98.06828689420695 91.1336039709592 0.0013562019113405603 221206
116001:done: 98.04909672607268 91.42835185302388 0.0013562019113405603 221206
118001:done: 98.0758241883561 91.64760449535727 0.0013562019113405603 221206
120001:done: 98.07442977177033 91.07347901955643 0.0013562019113405603 221206
122001:98.0815790539975 90.76019637803677 0.0013562019113405603 221206
124001:done: 98.11554337806159 91.52916286176686 0.0013562019113405603 221206
126001:done: 98.06633995402427 90.87004873285535 0.0013562019113405603 221206
128001:done: 98.03475229423613 90.53868339918446 0.0013562019113405603 221206
130001:done: 98.01874224923746 90.47539397665524 0.0013562019113405603 221206
132001:done: 98.05184358555346 90.38814498702567 0.0013562019113405603 221206
134001:done: 98.09068249537629 90.74030541667044 0.0013562019113405603 221206
136001:done: 98.0565805113378 90.56851984123396 0.0013562019113405603 221206
138001:done: 98.02640473521724 91.11868574993446 0.0013562019113405603 221206
140001:done: 98.0984884157639 91.29001925806715 0.0013562019113405603 221206
142001:done: 98.1205983071322 91.23893565273998 0.0013562019113405603 221206
144001:done: 98.07766181959744 90.89898104029729 0.0013562019113405603 221206
146001:done: 98.11322824311135 91.83250002260337 0.0013562019113405603 221206
148001:done: 98.0473125719533 91.3731996419627 0.0013562019113405603 221206
150001:done: 98.05692075514763 90.99979204904027 0.0013562019113405603 221206
152001:done: 98.04068969549208 90.68515320560925 0.0013562019113405603 221206
154001:done: 98.07312079993008 90.76471705107457 0.0013562019113405603 221206
156001:done: 98.03062149682036 90.59564387946078 0.0013562019113405603 221206
158001:done: 98.0686984319269 91.39535093984793 0.0013562019113405603 221206
160001:done: 98.14239880245992 91.93059862752366 0.0013562019113405603 221206
162001:done: 98.09551851749852 91.60239776497924 0.0013562019113405603 221206
164001:done: 98.12087285909409 91.23531911430973 0.0013562019113405603 221206
166001:done: 98.0597991607168 90.89265209804435 0.0013562019113405603 221206
168001:done: 98.05734236179677 90.78732041626357 0.0013562019113405603 221206
170001:done: 98.11625171859369 91.5327794001971 0.0013562019113405603 221206
172001:done: 98.19615699422506 91.78006021536487 0.0013562019113405603 221206
174001:done: 98.13816021368933 91.15259079771796 0.0013562019113405603 221206
176001:done: 98.12729261317608 90.96272253013029 0.0013562019113405603 221206
178001:done: 98.13444761150069 90.8438288292361 0.0013562019113405603 221206
180001:done: 98.08878336115478 90.70323589776046 0.0013562019113405603 221206
182001:done: 98.08253987259563 90.56625950471506 0.0013562019113405603 221206
184001:done: 98.1223443119013 90.9351464245997 0.0013562019113405603 221206
186001:done: 98.08280529181945 90.62638445611783 0.0013562019113405603 221206
188001:done: 98.07535934516108 90.57484878348689 0.0013562019113405603 221206
190001:done: 98.09841091271393 91.19960579731111 0.0013562019113405603 221206
192001:done: 98.14179866034624 91.39489887254415 0.0013562019113405603 221206
194001:done: 98.13955232779006 91.25340180646094 0.0013562019113405603 221206
196001:done: 98.11973411768662 91.00657305859697 0.0013562019113405603 221206
198001:done: 98.08553519248323 91.03324502951999 0.0013562019113405603 221206
