1:done: 87.21939524529365 64.7907647907648 0.0 693done: 94.87435377031514 83.41625207296849 0.0 603done: 81.50465994071682 0.8264462809917356 0.0 242done: 63.19747140050323 0.56657223796034 0.0 353
1001:done: 82.92318937192641 55.699855699855696 0.0 693done: 88.12809487524147 69.48590381426202 0.0 603done: 92.48673607610932 38.01652892561984 0.0 242done: 91.08159609751439 47.59206798866855 0.0 353
2001:done: 86.12411987243743 58.73015873015873 0.0 693done: 93.27023159478526 80.59701492537313 0.0 603done: 97.18598344637583 65.2892561983471 0.0 242done: 95.72930500827819 59.773371104815865 0.0 353
3001:done: 74.20903494709395 47.76334776334777 0.0 693done: 90.6942924297329 76.11940298507463 0.0 603done: 94.88110446804991 55.78512396694215 0.0 242done: 83.38172505286424 50.141643059490086 0.0 353
4001:done: 85.65493983152463 56.42135642135642 0.0 693done: 93.51636129291968 80.59701492537313 0.0 603done: 96.53113335694977 63.22314049586777 0.0 242done: 94.41807233585845 58.07365439093484 0.0 353
5001:done: 85.65287271163338 58.73015873015873 0.0 693done: 91.51789587405622 73.6318407960199 0.0 603done: 96.58038359180087 61.570247933884296 0.0 242done: 95.42163720451185 61.47308781869688 0.0 353
6001:done: 85.23321234801276 58.00865800865801 0.0 693done: 93.20165050484046 79.60199004975124 0.0 603done: 94.78070028777024 65.2892561983471 0.0 242done: 95.6506049172244 62.889518413597735 0.0 353
7001:done: 86.7353175116299 58.00865800865801 0.0 693done: 92.87914456044395 79.27031509121062 0.0 603done: 96.62281285820694 64.0495867768595 0.0 242done: 95.9387141428731 64.87252124645893 0.0 353
8001:done: 86.08950855164952 58.152958152958156 0.0 693done: 92.0403420813137 76.78275290215589 0.0 603done: 96.85649313527796 67.35537190082644 0.0 242done: 96.5790584303249 66.0056657223796 0.0 353
9001:done: 83.6210658282716 52.95815295815296 0.0 693done: 92.31642001761989 76.45107794361526 0.0 603done: 95.8956119165282 59.917355371900825 0.0 242done: 92.46730930207924 57.79036827195468 0.0 353
10001:done: 10.91018967363464 0.5772005772005772 0.0 693done: 2.6023939208018803 0.6633499170812603 0.0 603done: 8.339187631536625 0.0 0.0 242done: 33.37399797337565 1.9830028328611897 0.0 353
11001:done: 81.02236886287801 48.05194805194805 0.0 693done: 87.78436542483959 67.82752902155887 0.0 603done: 95.81128283188265 54.54545454545455 0.0 242done: 93.70683535657858 58.35694050991501 0.0 353
12001:done: 79.43453720680483 54.256854256854254 0.0 693done: 94.59026725342204 83.25041459369818 0.0 603done: 96.8490303295046 65.2892561983471 0.0 242done: 95.96366970059478 66.28895184135978 0.0 353
13001:done: 87.23987441507693 61.03896103896104 0.0 693done: 94.63010553001776 83.41625207296849 0.0 603done: 95.48094984739207 57.02479338842975 0.0 242done: 96.02077236079796 63.45609065155807 0.0 353
14001:done: 87.4110867504774 61.32756132756133 0.0 693done: 92.58178180332115 76.45107794361526 0.0 603done: 96.40267822929334 67.35537190082644 0.0 242done: 95.63516999926756 69.12181303116148 0.0 353
15001:done: 87.94362470090348 60.02886002886003 0.0 693done: 87.87643357953571 65.33996683250415 0.0 603done: 97.22817197972327 68.18181818181819 0.0 242done: 96.71702940795191 68.83852691218131 0.0 353
16001:done: 88.53523874794685 62.62626262626262 0.0 693done: 93.8244373853095 81.92371475953566 0.0 603done: 95.7834947518214 63.63636363636363 0.0 242done: 96.32335509977143 68.55524079320114 0.0 353
17001:done: 87.29839915275882 60.894660894660895 0.0 693done: 92.11765250541957 76.28524046434494 0.0 603done: 97.23525774115396 71.90082644628099 0.0 242done: 96.51459089572366 65.43909348441926 0.0 353
18001:done: 87.59487347933249 61.18326118326118 0.0 693done: 91.64175349791388 74.12935323383084 0.0 603done: 97.6022775050299 69.00826446280992 0.0 242done: 96.47079819178893 70.25495750708215 0.0 353
19001:done: 82.50191069894954 56.70995670995671 0.0 693done: 88.3447472816803 69.1542288557214 0.0 603done: 96.68847463312518 66.11570247933884 0.0 242done: 95.48765448963898 66.0056657223796 0.0 353
20001:done: 88.33406545136182 63.05916305916306 0.0 693done: 94.13853486285446 80.92868988391376 0.0 603done: 96.24265982639555 65.2892561983471 0.0 242done: 96.15388411127769 69.40509915014164 0.0 353
21001:done: 87.59667893334607 60.60606060606061 0.0 693done: 94.31303224030765 81.42620232172472 0.0 603done: 97.68126972155287 72.31404958677686 0.0 242done: 97.2844805123255 68.27195467422096 0.0 353
22001:done: 88.00541128476416 62.77056277056277 0.0 693done: 93.91386640435513 83.08457711442786 0.0 603done: 97.93338665304056 71.90082644628099 0.0 242done: 95.88375326336907 65.72237960339943 0.0 353
23001:done: 88.74638090666443 63.63636363636363 0.0 693done: 91.95914879189685 75.12437810945273 0.0 603done: 97.90491572631684 70.24793388429752 0.0 242done: 96.7687481614021 65.43909348441926 0.0 353
24001:done: 88.80497890064507 64.64646464646465 0.0 693done: 95.77365347558502 86.40132669983416 0.0 603done: 97.68391678461973 71.48760330578513 0.0 242done: 96.73443194069738 64.58923512747876 0.0 353
25001:done: 88.72760518009584 63.05916305916306 0.0 693done: 94.02621167839199 82.4212271973466 0.0 603done: 97.49351684325065 70.24793388429752 0.0 242done: 96.6163855797017 65.15580736543909 0.0 353
26001:done: 88.81133034159626 63.2034632034632 0.0 693done: 94.06390799718281 81.59203980099502 0.0 603done: 97.71273359755303 73.55371900826447 0.0 242done: 97.22277620996125 66.28895184135978 0.0 353
27001:done: 85.24016030006047 61.03896103896104 0.0 693done: 92.99917289162237 78.27529021558873 0.0 603done: 97.54354639312238 70.24793388429752 0.0 242done: 94.69436512059187 62.32294617563739 0.0 353
28001:done: 88.06144182122428 62.914862914862915 0.0 693done: 93.44659659702094 80.92868988391376 0.0 603done: 97.81844720608001 69.42148760330579 0.0 242done: 95.9402413498461 64.87252124645893 0.0 353
29001:done: 89.47158111104345 64.64646464646465 0.0 693done: 95.6179607957483 85.90381426202322 0.0 603done: 98.12566831753801 75.20661157024793 0.0 242done: 96.87104175993898 66.57223796033995 0.0 353
30001:done: 88.01552125264163 62.19336219336219 0.0 693done: 91.61424526437692 75.787728026534 0.0 603done: 97.88115228136886 72.72727272727273 0.0 242done: 96.7155499230327 64.30594900849859 0.0 353
31001:done: 89.7955382759986 65.07936507936508 0.0 693done: 94.57276667987821 82.91873963515755 0.0 603done: 97.77414804099972 70.66115702479338 0.0 242done: 96.70556705723332 64.02266288951841 0.0 353
32001:done: 88.26453550569401 63.78066378066378 0.0 693done: 96.36451994660953 88.22553897180762 0.0 603done: 97.78595786688159 71.48760330578513 0.0 242done: 97.09404037791688 67.42209631728045 0.0 353
33001:done: 87.06482321926255 61.61616161616162 0.0 693done: 92.30470504468161 78.1094527363184 0.0 603done: 97.33414541783787 69.00826446280992 0.0 242done: 96.0906405981763 61.47308781869688 0.0 353
34001:done: 89.12782531491268 63.78066378066378 0.0 693done: 92.12447775075812 75.12437810945273 0.0 603done: 97.83652670745111 72.31404958677686 0.0 242done: 97.05999390673396 66.28895184135978 0.0 353
35001:done: 90.48316570838794 65.36796536796537 0.0 693done: 93.27664387878029 80.59701492537313 0.0 603done: 97.4535348960069 71.07438016528926 0.0 242done: 96.98052435201573 67.13881019830028 0.0 353
36001:done: 90.19590529203312 64.5021645021645 0.0 693done: 91.31831383587313 73.30016583747927 0.0 603done: 97.33740270949434 72.31404958677686 0.0 242done: 97.3544427678414 66.57223796033995 0.0 353
37001:done: 87.03442330783079 60.60606060606061 0.0 693done: 92.15082200449477 76.11940298507463 0.0 603done: 97.19295537773584 69.00826446280992 0.0 242done: 95.33638163394282 62.60623229461756 0.0 353
38001:done: 88.61096228263598 63.34776334776335 0.0 693done: 95.19405447412471 85.57213930348259 0.0 603done: 97.09385995028889 69.42148760330579 0.0 242done: 96.8355952393245 67.98866855524079 0.0 353
39001:done: 86.62333780072053 61.61616161616162 0.0 693done: 94.83765408114252 84.74295190713102 0.0 603done: 97.15381592773318 71.48760330578513 0.0 242done: 96.09028393125492 64.58923512747876 0.0 353
40001:done: 88.66104285548114 63.78066378066378 0.0 693done: 94.77105726300928 83.41625207296849 0.0 603done: 97.87039097857296 69.00826446280992 0.0 242done: 97.15949683377568 68.27195467422096 0.0 353
41001:done: 89.95877179871422 63.492063492063494 0.0 693done: 92.21991437604548 75.787728026534 0.0 603done: 97.98682595587678 71.07438016528926 0.0 242done: 96.89510160530446 65.43909348441926 0.0 353
42001:done: 88.73926295688099 63.34776334776335 0.0 693done: 90.87679846898462 74.12935323383084 0.0 603done: 97.86182370027514 71.07438016528926 0.0 242done: 97.2917651192735 66.57223796033995 0.0 353
43001:done: 88.90077969665126 63.924963924963926 0.0 693done: 92.25438686223 76.45107794361526 0.0 603done: 97.94126046695058 71.48760330578513 0.0 242done: 96.88873458412924 65.43909348441926 0.0 353
44001:done: 89.33990289367003 66.37806637806638 0.0 693done: 90.57061869616744 71.64179104477611 0.0 603done: 97.33800378267006 70.66115702479338 0.0 242done: 97.19268777831377 66.28895184135978 0.0 353
45001:done: 89.0841339670213 62.914862914862915 0.0 693done: 93.81303640375927 80.92868988391376 0.0 603done: 97.55173601816911 68.18181818181819 0.0 242done: 97.32474230170361 68.55524079320114 0.0 353
46001:done: 89.89282595958102 66.52236652236653 0.0 693done: 92.59930094726703 75.45605306799337 0.0 603done: 97.73180796705408 69.83471074380165 0.0 242done: 97.01595266630329 69.40509915014164 0.0 353
47001:done: 87.25778903134427 62.48196248196248 0.0 693done: 92.04508795597468 77.11442786069652 0.0 603done: 97.89274544023662 68.18181818181819 0.0 242done: 96.98307129011133 66.0056657223796 0.0 353
48001:done: 89.95149953296831 64.64646464646465 0.0 693done: 94.0805505152886 81.2603648424544 0.0 603done: 97.09857036265564 65.70247933884298 0.0 242done: 96.96221324686411 64.87252124645893 0.0 353
49001:done: 88.56899617233427 63.924963924963926 0.0 693done: 87.57632305261811 65.67164179104478 0.0 603done: 97.68145950837429 70.24793388429752 0.0 242done: 96.60924983293859 64.87252124645893 0.0 353
50001:done: 89.21705573954964 64.35786435786436 0.0 693done: 92.666158454862 76.78275290215589 0.0 603done: 97.52183860577148 71.90082644628099 0.0 242done: 96.81416565493656 65.15580736543909 0.0 353
51001:done: 88.06122997169423 62.62626262626262 0.0 693done: 91.6025903880748 76.11940298507463 0.0 603done: 97.41279692861244 71.90082644628099 0.0 242done: 97.07308264121095 66.28895184135978 0.0 353
52001:done: 87.94286897440684 63.34776334776335 0.0 693done: 94.15939080484002 82.25538971807629 0.0 603done: 97.82147942792074 71.90082644628099 0.0 242done: 96.22685239647055 66.57223796033995 0.0 353
53001:done: 87.25531609687313 63.63636363636363 0.0 693done: 90.4453217308061 69.65174129353234 0.0 603done: 97.18919204840621 66.52892561983471 0.0 242done: 97.07560346268997 67.13881019830028 0.0 353
54001:done: 87.23343480366782 62.04906204906205 0.0 693done: 91.74891097045032 77.11442786069652 0.0 603done: 97.8257554296362 73.14049586776859 0.0 242done: 96.50616338337802 63.172804532577906 0.0 353
55001:done: 86.19168822287516 61.904761904761905 0.0 693done: 87.53765490083897 65.00829187396351 0.0 603done: 97.25596706944653 72.72727272727273 0.0 242done: 94.66221651647635 63.45609065155807 0.0 353
56001:done: 89.1085078838161 64.06926406926407 0.0 693done: 90.7752394853654 71.14427860696517 0.0 603done: 97.99412155798308 69.83471074380165 0.0 242done: 96.45840139564001 65.43909348441926 0.0 353
57001:done: 89.69516958503971 66.23376623376623 0.0 693done: 94.49553597856205 83.58208955223881 0.0 603done: 97.82779219927043 72.72727272727273 0.0 242done: 97.01777501907394 67.42209631728045 0.0 353
58001:done: 88.43877883302103 64.93506493506493 0.0 693done: 92.22597149433554 77.61194029850746 0.0 603done: 97.51569994051923 70.24793388429752 0.0 242done: 95.92972705412917 63.73937677053824 0.0 353
59001:done: 89.8245428889419 67.0995670995671 0.0 693done: 92.66539311608085 77.61194029850746 0.0 603done: 97.49601734226977 69.00826446280992 0.0 242done: 96.33804999283696 64.30594900849859 0.0 353
60001:done: 89.60535424604204 65.07936507936508 0.0 693done: 92.48967133734473 76.9485903814262 0.0 603done: 97.86854433435074 73.14049586776859 0.0 242done: 97.07083225731725 66.0056657223796 0.0 353
61001:done: 88.88598589331077 65.07936507936508 0.0 693done: 90.5879119092464 72.80265339966833 0.0 603done: 97.94192937551756 71.07438016528926 0.0 242done: 97.35361878085288 68.27195467422096 0.0 353
62001:done: 88.34997584207382 63.34776334776335 0.0 693done: 89.99935961890898 71.14427860696517 0.0 603done: 97.85326829271767 67.76859504132231 0.0 242done: 96.57210314095427 66.85552407932012 0.0 353
63001:done: 89.32883313787873 64.93506493506493 0.0 693done: 93.22923940863656 79.43615257048093 0.0 603done: 98.04069968497743 72.31404958677686 0.0 242done: 97.12300252063278 66.28895184135978 0.0 353
64001:done: 87.20692655578274 63.34776334776335 0.0 693done: 92.12831012948078 76.61691542288557 0.0 603done: 97.25345975263805 67.76859504132231 0.0 242done: 96.77587708724542 65.43909348441926 0.0 353
65001:done: 88.16993610710765 62.48196248196248 0.0 693done: 92.0074432878062 75.45605306799337 0.0 603done: 97.71100628753828 69.83471074380165 0.0 242done: 95.86355453019321 64.58923512747876 0.0 353
66001:done: 88.50104207103011 64.35786435786436 0.0 693done: 94.48678739723516 82.75290215588723 0.0 603done: 97.76181834090185 71.07438016528926 0.0 242done: 96.40436948316128 65.72237960339943 0.0 353
67001:done: 88.57567599812636 63.05916305916306 0.0 693done: 94.66774061520915 83.25041459369818 0.0 603done: 97.73116064974144 71.07438016528926 0.0 242done: 96.66147484334438 66.57223796033995 0.0 353
68001:done: 88.18960300667912 61.76046176046176 0.0 693done: 94.31522124674017 81.09452736318408 0.0 603done: 97.57980810256761 68.59504132231405 0.0 242done: 96.33097577945871 67.13881019830028 0.0 353
69001:done: 89.13377878266115 63.63636363636363 0.0 693done: 94.59575699991272 83.74792703150912 0.0 603done: 97.50517580637703 67.76859504132231 0.0 242done: 96.51486103545882 66.0056657223796 0.0 353
70001:done: 89.2600500425755 62.62626262626262 0.0 693done: 94.77427738694932 83.91376451077943 0.0 603done: 97.64178081469647 71.07438016528926 0.0 242done: 97.05019546636863 65.43909348441926 0.0 353
71001:done: 89.06307076846619 64.5021645021645 0.0 693done: 95.49002531735924 85.7379767827529 0.0 603done: 97.70059135198184 71.48760330578513 0.0 242done: 97.2971262884762 67.70538243626062 0.0 353
72001:done: 88.84582571651322 63.492063492063494 0.0 693done: 89.05967126555363 68.65671641791045 0.0 603done: 97.93205623583053 69.83471074380165 0.0 242done: 97.27812090014288 66.0056657223796 0.0 353
73001:done: 88.14256484487379 63.78066378066378 0.0 693done: 92.76242295191663 79.27031509121062 0.0 603done: 97.55768849899604 68.18181818181819 0.0 242done: 97.18885258129183 66.57223796033995 0.0 353
74001:done: 89.21331323186484 64.35786435786436 0.0 693done: 95.12099215128191 83.25041459369818 0.0 603done: 98.39139003416135 75.20661157024793 0.0 242done: 97.00576687856457 67.42209631728045 0.0 353
75001:done: 88.68698374340603 63.34776334776335 0.0 693done: 88.20436819924677 65.33996683250415 0.0 603done: 97.23023018436814 69.42148760330579 0.0 242done: 96.66122796711569 65.15580736543909 0.0 353
76001:done: 87.48081453034996 63.2034632034632 0.0 693done: 93.90297870763195 81.2603648424544 0.0 603done: 96.63401636285143 66.94214876033058 0.0 242done: 95.95753502574891 64.02266288951841 0.0 353
77001:done: 88.86192497898317 65.36796536796537 0.0 693done: 92.8622187489615 79.27031509121062 0.0 603done: 98.05368132811071 72.31404958677686 0.0 242done: 96.71436800435909 67.13881019830028 0.0 353
78001:done: 88.89639947767527 64.93506493506493 0.0 693done: 91.49528351313543 75.45605306799337 0.0 603done: 97.86379461331623 71.07438016528926 0.0 242done: 97.14413126730011 67.98866855524079 0.0 353
79001:done: 89.47509954298967 64.64646464646465 0.0 693done: 89.21542501656637 69.48590381426202 0.0 603done: 97.75653417273507 69.00826446280992 0.0 242done: 96.56513566861963 67.13881019830028 0.0 353
80001:done: 89.43442089003807 63.492063492063494 0.0 693done: 95.85185254485815 86.56716417910448 0.0 603done: 97.66083391734944 73.14049586776859 0.0 242done: 97.02280008477659 66.28895184135978 0.0 353
81001:done: 89.91644695273008 65.94516594516594 0.0 693done: 90.54696309012961 72.30514096185738 0.0 603done: 97.3301923052262 68.18181818181819 0.0 242done: 96.88898166750897 66.28895184135978 0.0 353
82001:done: 89.9142974965756 66.66666666666667 0.0 693done: 93.49840338938968 80.09950248756219 0.0 603done: 97.82914153964836 69.42148760330579 0.0 242done: 96.41295146372907 65.72237960339943 0.0 353
83001:done: 86.73238107825031 59.5959595959596 0.0 693done: 92.03319085233045 78.93864013266999 0.0 603done: 97.04747174458467 64.46280991735537 0.0 242done: 95.77062118736339 60.906515580736546 0.0 353
84001:done: 89.41365423480568 66.81096681096682 0.0 693done: 89.65976186637589 70.48092868988391 0.0 603done: 97.57574786927647 66.94214876033058 0.0 242done: 97.00036467646112 65.43909348441926 0.0 353
85001:done: 89.62932046878316 66.52236652236653 0.0 693done: 93.12811263352674 79.1044776119403 0.0 603done: 97.81626993733637 71.07438016528926 0.0 242done: 97.75252707189657 75.07082152974505 0.0 353
86001:done: 89.20792170139318 66.66666666666667 0.0 693done: 90.85596699878236 74.29519071310116 0.0 603done: 98.08549652954163 73.14049586776859 0.0 242done: 98.12760120989788 75.92067988668555 0.0 353
87001:done: 90.93903111478775 68.68686868686869 0.0 693done: 92.3835809590858 76.9485903814262 0.0 603done: 98.06402985097277 71.90082644628099 0.0 242done: 97.86658910537143 73.93767705382436 0.0 353
88001:done: 91.20609966921722 68.68686868686869 0.0 693done: 93.47873156769855 79.93366500829187 0.0 603done: 97.9749223445698 70.24793388429752 0.0 242done: 98.0997260461866 75.92067988668555 0.0 353
89001:done: 90.67127901646407 68.25396825396825 0.0 693done: 91.85339969214714 76.11940298507463 0.0 603done: 98.19386642040034 71.90082644628099 0.0 242done: 98.03992745244612 75.92067988668555 0.0 353
90001:done: 91.26542483480831 68.68686868686869 0.0 693done: 95.41273146043416 85.7379767827529 0.0 603done: 98.24767506203673 74.3801652892562 0.0 242done: 97.69281341081422 75.63739376770538 0.0 353
91001:done: 90.55914177576487 68.68686868686869 0.0 693done: 94.06023714847247 81.92371475953566 0.0 603done: 98.44611376359467 76.44628099173553 0.0 242done: 98.1922700507558 77.05382436260624 0.0 353
92001:done: 90.61703667774641 67.38816738816739 0.0 693done: 94.33249052944696 81.42620232172472 0.0 603done: 98.23138088064599 73.96694214876032 0.0 242done: 97.9825635710063 75.63739376770538 0.0 353
93001:done: 90.32641207995448 66.81096681096682 0.0 693done: 92.87640929724631 78.93864013266999 0.0 603done: 97.97075981121235 73.14049586776859 0.0 242done: 97.9561837517301 74.5042492917847 0.0 353
94001:done: 90.7056562308169 68.68686868686869 0.0 693done: 95.51461439740635 85.24046434494196 0.0 603done: 98.01154563545727 72.72727272727273 0.0 242 76.77053824362606 0.0 353
95001:done: 90.45370846946503 68.1096681096681 0.0 693done: 93.66728663114387 80.09950248756219 0.0 603done: 97.86456381598342 72.31404958677686 0.0 242done: 98.27356910486094 77.90368271954674 0.0 353
96001:done: 90.49215938771741 67.82106782106783 0.0 693done: 95.42801452224928 86.40132669983416 0.0 603done: 98.0577951558817 70.66115702479338 0.0 242done: 97.88144159517192 75.92067988668555 0.0 353
97001:done: 90.41543219100032 67.24386724386724 0.0 693done: 94.61690546633486 84.07960199004975 0.0 603done: 97.91745863017161 73.14049586776859 0.0 242done: 97.67530350397757 75.35410764872522 0.0 353
98001:done: 90.1044623015491 68.1096681096681 0.0 693done: 93.92808518723068 81.59203980099502 0.0 603done: 98.1400305650317 73.14049586776859 0.0 242done: 98.11060810395487 76.48725212464589 0.0 353
99001:done: 90.13641007070282 67.24386724386724 0.0 693done: 95.47934286959753 86.40132669983416 0.0 603done: 98.33754989432354 74.3801652892562 0.0 242done: 98.13376476731418 76.48725212464589 0.0 353
100001:done: 90.57790677873027 68.25396825396825 0.0 693done: 92.56111405584629 78.93864013266999 0.0 603done: 98.19623125751095 73.96694214876032 0.0 242done: 98.16654504140976 77.05382436260624 0.0 353
101001:done: 91.2446068673077 68.97546897546897 0.0 693done: 93.41166845922483 79.60199004975124 0.0 603done: 98.01132991602931 71.48760330578513 0.0 242done: 98.30211735231336 77.05382436260624 0.0 353
102001:done: 90.08435668753845 67.96536796536796 0.0 693done: 95.1637641723975 85.40630182421228 0.0 603done: 98.21532888115783 73.55371900826447 0.0 242done: 98.45880142075458 79.88668555240793 0.0 353
103001:done: 90.10511057735528 67.24386724386724 0.0 693done: 91.06452961296392 73.6318407960199 0.0 603done: 98.27673979445765 72.31404958677686 0.0 242done: 98.11712070555059 76.77053824362606 0.0 353
104001:done: 90.54844234604424 66.23376623376623 0.0 693done: 92.18699736405324 75.9535655058043 0.0 603done: 98.16099818102246 71.48760330578513 0.0 242done: 98.07730812498197 75.63739376770538 0.0 353
105001:done: 90.27869333056788 68.3982683982684 0.0 693done: 94.78369585627418 84.41127694859038 0.0 603done: 98.2161912636924 74.79338842975207 0.0 242done: 98.1618193787018 78.18696883852691 0.0 353
106001:done: 89.29883103704063 66.66666666666667 0.0 693done: 93.83648984687906 81.42620232172472 0.0 603done: 97.97303242635955 71.07438016528926 0.0 242done: 97.96337206460272 78.18696883852691 0.0 353
107001:done: 90.42114173288957 68.68686868686869 0.0 693done: 93.06218323997076 78.93864013266999 0.0 603done: 98.20780518587831 74.79338842975207 0.0 242done: 98.14239572800457 78.18696883852691 0.0 353
108001:done: 90.33749364048995 67.38816738816739 0.0 693done: 93.63714632737165 80.59701492537313 0.0 603done: 98.0983060020624 73.55371900826447 0.0 242done: 98.29403358219747 77.90368271954674 0.0 353
109001:done: 90.53560752335085 68.1096681096681 0.0 693done: 95.1099953602149 85.07462686567165 0.0 603done: 98.0192432897529 72.31404958677686 0.0 242done: 98.11711885035696 78.18696883852691 0.0 353
110001:done: 90.58819339889091 67.96536796536796 0.0 693done: 93.13364945571558 79.60199004975124 0.0 603done: 97.96729194089956 71.07438016528926 0.0 242done: 98.22769150378195 77.33711048158641 0.0 353
111001:done: 89.92644661787422 67.82106782106783 0.0 693done: 91.28340524301895 73.79767827529021 0.0 603done: 98.19278154633855 73.14049586776859 0.0 242done: 97.74106307865577 75.92067988668555 0.0 353
112001:done: 90.88954694924489 68.3982683982684 0.0 693done: 94.85265780188229 84.57711442786069 0.0 603done: 98.24068567980507 75.20661157024793 0.0 242done: 98.34989695035078 80.45325779036827 0.0 353
113001:done: 90.24287833932917 67.24386724386724 0.0 693done: 91.06115781269426 73.30016583747927 0.0 603done: 98.19323020881832 76.03305785123968 0.0 242done: 98.06024878018385 78.47025495750708 0.0 353
114001:done: 91.21621767933348 68.97546897546897 0.0 693done: 93.27675562603861 79.60199004975124 0.0 603done: 98.16019438361857 74.79338842975207 0.0 242done: 97.9741890214313 77.62039660056658 0.0 353
115001:done: 90.40101035301528 68.1096681096681 0.0 693done: 94.02950808716105 81.75787728026533 0.0 603done: 98.1390058075487 73.96694214876032 0.0 242done: 97.60607505713223 75.63739376770538 0.0 353
116001:done: 90.94261744663734 68.3982683982684 0.0 693done: 92.19541257147345 75.9535655058043 0.0 603done: 98.08629780130266 74.3801652892562 0.0 242done: 98.07967036063036 78.18696883852691 0.0 353
117001:done: 91.02493556147328 68.54256854256855 0.0 693done: 94.90102400769653 84.41127694859038 0.0 603done: 98.08494073157662 73.96694214876032 0.0 242done: 98.13151347918027 79.3201133144476 0.0 353
118001:done: 90.49300655021096 68.68686868686869 0.0 693done: 96.03639864833897 87.06467661691542 0.0 603done: 98.2612259762622 73.55371900826447 0.0 242done: 98.12889299866416 77.33711048158641 0.0 353
119001:done: 90.60034847074138 67.82106782106783 0.0 693done: 95.40263698516554 84.57711442786069 0.0 603done: 98.1719065768453 73.14049586776859 0.0 242done: 98.36278443047351 80.1699716713881 0.0 353
120001:done: 90.5839092498013 67.67676767676768 0.0 693done: 94.50036623214852 82.25538971807629 0.0 603done: 98.14351295475316 73.55371900826447 0.0 242done: 98.12298230573069 78.47025495750708 0.0 353
121001:done: 90.2967002350775 68.54256854256855 0.0 693done: 90.6261526440046 73.13432835820896 0.0 603done: 98.1339561558554 73.55371900826447 0.0 242done: 97.6661493620825 76.77053824362606 0.0 353
125001:done: 90.67712236648974 68.1096681096681 0.0 693done: 94.06999843932829 81.92371475953566 0.0 603done: 97.93140736660303 69.83471074380165 0.0 242done: 97.7049425649395 77.90368271954674 0.0 353
126001:done: 90.47073739670137 68.1096681096681 0.0 693done: 95.63338329800143 85.90381426202322 0.0 603done: 98.11850245540498 73.55371900826447 0.0 242done: 97.4244344404901 75.07082152974505 0.0 353
127001:done: 90.15919925290781 67.38816738816739 0.0 693done: 93.29809483160376 78.1094527363184 0.0 603done: 98.19401656626579 73.55371900826447 0.0 242done: 97.8190242655328 77.62039660056658 0.0 353
128001:done: 90.61273700066046 67.67676767676768 0.0 693done: 93.6995843500087 79.93366500829187 0.0 603done: 97.93052447332154 73.55371900826447 0.0 242 0.0 353
